[[11  2  3  0  0  1]
 [ 1  9  0  0  1  2]
 [ 1  1 13  0  0  3]
 [ 0  0  0 18  0  3]
 [ 1  0  3  1 25  2]
 [ 0  0  1  0  0 20]]
[[10  4  1  0  0  2]
 [ 1 10  0  0  0  2]
 [ 1  1 13  0  0  3]
 [ 0  0  0 17  0  4]
 [ 0  0  3  1 25  3]
 [ 0  0  2  0  0 19]]
[[10  3  2  0  0  2]
 [ 0 10  1  0  0  2]
 [ 0  1 14  0  0  3]
 [ 0  0  0 18  0  3]
 [ 0  0  3  1 25  3]
 [ 0  0  2  0  0 19]]
[[10  3  1  0  0  3]
 [ 1  7  1  1  1  2]
 [ 2  1 13  0  0  2]
 [ 1  1  0 17  1  1]
 [ 1  0  0  1 26  4]
 [ 1  0  1  0  1 18]]
[[10  3  1  0  0  3]
 [ 1  7  1  1  1  2]
 [ 2  1 13  0  0  2]
 [ 1  1  0 17  1  1]
 [ 1  0  0  1 26  4]
 [ 1  0  1  0  1 18]]
[[10  3  1  0  0  3]
 [ 1  7  1  1  1  2]
 [ 2  1 13  0  0  2]
 [ 1  1  0 17  1  1]
 [ 1  0  0  1 26  4]
 [ 1  0  1  0  1 18]]
[[36  0  1  0  0  4]
 [ 1 25  0  1  0  0]
 [ 2  0 41  2  2  2]
 [ 0  0  0 36  0  2]
 [ 0  0  1  0 47  0]
 [ 0  0  0  0  0 21]]
[[34  0  2  1  0  4]
 [ 2 25  0  0  0  0]
 [ 2  1 41  1  1  3]
 [ 0  0  0 36  0  2]
 [ 0  0  1  0 47  0]
 [ 0  0  0  0  0 21]]
[[31  0  3  1  0  6]
 [ 1 25  0  1  0  0]
 [ 2  1 39  1  2  4]
 [ 0  0  0 34  0  4]
 [ 0  0  1  0 47  0]
 [ 0  0  0  0  0 21]]
[[40  0  0  1  0  0]
 [ 1 25  1  0  0  0]
 [ 0  0 45  0  4  0]
 [ 0  0  0 38  0  0]
 [ 0  1  3  1 43  0]
 [ 0  0  0  0  0 21]]
[[40  0  0  1  0  0]
 [ 1 25  1  0  0  0]
 [ 0  0 45  0  4  0]
 [ 0  0  0 38  0  0]
 [ 0  1  3  1 43  0]
 [ 0  0  0  0  0 21]]
[[40  0  0  1  0  0]
 [ 1 25  1  0  0  0]
 [ 0  0 45  0  4  0]
 [ 0  0  0 38  0  0]
 [ 0  1  3  1 43  0]
 [ 0  0  0  0  0 21]]
[[16  0  3  1  0  0]
 [ 2 17  1  0  0  0]
 [ 3  4 14  0  1  0]
 [ 2  0  0 19  0  0]
 [ 2  2  0  1 19  0]
 [ 4  1  0  6  0 11]]
[[17  0  2  1  0  0]
 [ 2 17  1  0  0  0]
 [ 1  4 16  0  1  0]
 [ 1  0  0 20  0  0]
 [ 2  4  0  1 17  0]
 [ 4  1  0  5  1 11]]
[[15  0  4  1  0  0]
 [ 2 17  1  0  0  0]
 [ 2  3 16  0  1  0]
 [ 2  0  0 19  0  0]
 [ 2  1  0  1 20  0]
 [ 4  0  0  4  3 11]]
[[14  1  0  5  0  0]
 [ 2 13  0  5  0  0]
 [ 1  5 14  0  1  1]
 [ 2  0  0 19  0  0]
 [ 3  9  1  2  9  0]
 [ 5  0  0  1  0 16]]
[[14  1  0  5  0  0]
 [ 2 13  0  5  0  0]
 [ 1  5 14  0  1  1]
 [ 2  0  0 19  0  0]
 [ 3  9  1  2  9  0]
 [ 5  0  0  1  0 16]]
[[14  1  0  5  0  0]
 [ 2 13  0  5  0  0]
 [ 1  5 14  0  1  1]
 [ 2  0  0 19  0  0]
 [ 3  9  1  2  9  0]
 [ 5  0  0  1  0 16]]
[[25  1  1  0  0  0]
 [ 0 17  0  0  0  0]
 [ 3  0 17  0  1  1]
 [ 1  1  1 25  0  1]
 [ 2  0  1  0 26  1]
 [ 0  0  0  0  1 17]]
[[25  0  1  1  0  0]
 [ 1 16  0  0  0  0]
 [ 2  1 18  0  1  0]
 [ 4  1  0 24  0  0]
 [ 2  2  0  0 26  0]
 [ 1  1  0  0  0 16]]
[[25  0  1  1  0  0]
 [ 0 17  0  0  0  0]
 [ 2  0 18  0  1  1]
 [ 1  0  1 27  0  0]
 [ 2  0  1  0 26  1]
 [ 0  0  1  2  1 14]]
[[25  0  1  1  0  0]
 [ 1 16  0  0  0  0]
 [ 2  1 18  0  1  0]
 [ 4  1  0 24  0  0]
 [ 2  2  0  0 26  0]
 [ 1  1  0  0  0 16]]
[[25  1  1  0  0  0]
 [ 0 17  0  0  0  0]
 [ 2  0 18  0  1  1]
 [ 0  1  0 26  0  2]
 [ 2  0  1  0 26  1]
 [ 0  0  0  2  1 15]]
[[25  0  1  1  0  0]
 [ 1 16  0  0  0  0]
 [ 2  1 18  0  1  0]
 [ 4  1  0 24  0  0]
 [ 2  2  0  0 26  0]
 [ 1  1  0  0  0 16]]
